PTCL ctDNA — Samtools Coverage Report
Generated: Mon May 11 17:22:13 BST 2026

=================================================
FILE: LB20231211_1_EKDL240006162-1A_227NJFLT4_L7_dD-RG-BQSR_FINAL.bam
=================================================
#rname	startpos	endpos	numreads	covbases	coverage	meandepth	meanbaseq	meanmapq
chr1	1	248956422	2247197	115140635	46.2493	1.26156	30.8	52.5
chr2	1	242193529	2148428	116584502	48.1369	1.23015	30.7	55.9
chr3	1	198295559	1856063	101303825	51.0873	1.30831	30.8	58.2
chr4	1	190214555	1616861	88269941	46.4055	1.17761	30.9	56
chr5	1	181538259	1551704	85379147	47.0309	1.18904	30.8	57
chr6	1	170805979	1447096	81662418	47.81	1.18452	30.8	57.9
chr7	1	159345973	1372246	76864435	48.2375	1.20347	30.8	56.3
chr8	1	145138636	1249456	70077148	48.2829	1.20401	30.8	57.2
chr9	1	138394717	1084198	60062737	43.3996	1.09538	30.8	54.1
chr10	1	133797422	1231047	65857828	49.222	1.27833	30.8	55.9
chr11	1	135086622	1197238	66627708	49.3222	1.23968	30.8	57.3
chr12	1	133275309	1157391	64980095	48.7563	1.2138	30.8	58
chr13	1	114364328	857781	45646034	39.9128	1.04786	30.9	53.9
chr14	1	107043718	785390	43677913	40.8038	1.02522	30.8	58.1
chr15	1	101991189	765573	42313043	41.487	1.04948	30.8	54.6
chr16	1	90338345	831704	42229472	46.7459	1.28491	30.7	52.9
chr17	1	83257441	792996	42060988	50.5192	1.32516	30.7	55.5
chr18	1	80373285	701610	38678628	48.1237	1.22097	30.8	53.7
chr19	1	58617616	541925	29323854	50.0257	1.28867	30.6	58
chr20	1	64444167	638805	33272863	51.6305	1.37855	30.7	54.6
chr21	1	46709983	398503	18615854	39.8541	1.18114	30.7	46.3
chr22	1	50818468	391038	20182628	39.7151	1.07231	30.6	53.5
chrX	1	156040895	669120	44169364	28.3063	0.598913	30.8	55.2
chrY	1	57227415	208244	7181409	12.5489	0.480209	30.9	23.6

Genome-wide mean depth: 1.162x

=================================================
FILE: LB20231211_2_EKDL240006163-1A_227NJFLT4_L7_dD-RG-BQSR_FINAL.bam
=================================================
#rname	startpos	endpos	numreads	covbases	coverage	meandepth	meanbaseq	meanmapq
chr1	1	248956422	2291159	120540640	48.4184	1.30876	30.7	52.5
chr2	1	242193529	2229896	123759712	51.0995	1.29921	30.6	55.9
chr3	1	198295559	1739926	100252034	50.5569	1.24806	30.7	58
chr4	1	190214555	1637538	92618071	48.6914	1.21708	30.8	56.3
chr5	1	181538259	1704451	94467931	52.0375	1.33136	30.7	57.2
chr6	1	170805979	1475348	85768130	50.2138	1.22897	30.7	58.1
chr7	1	159345973	1401055	80676734	50.6299	1.25016	30.7	56.1
chr8	1	145138636	1293020	74027881	51.0049	1.26806	30.7	57.1
chr9	1	138394717	1095560	62487848	45.1519	1.12609	30.7	54.1
chr10	1	133797422	1245405	68827127	51.4413	1.31745	30.7	56.1
chr11	1	135086622	1229623	69736442	51.6235	1.29531	30.7	56.7
chr12	1	133275309	1173499	67678979	50.7813	1.2523	30.7	57.9
chr13	1	114364328	881219	48502606	42.4106	1.0968	30.8	54.5
chr14	1	107043718	787206	45398617	42.4113	1.0453	30.7	58.2
chr15	1	101991189	790485	44507672	43.6387	1.10185	30.7	54.1
chr16	1	90338345	840934	43629973	48.2962	1.32082	30.6	52.2
chr17	1	83257441	783849	43079012	51.7419	1.33103	30.6	55
chr18	1	80373285	708167	40291895	50.131	1.25415	30.7	54.7
chr19	1	58617616	517573	29411052	50.1744	1.25065	30.4	57.9
chr20	1	64444167	640521	34604944	53.6976	1.40645	30.6	54.6
chr21	1	46709983	372098	19178597	41.0589	1.12535	30.6	49.3
chr22	1	50818468	402896	21313885	41.9412	1.12286	30.5	54.4
chrX	1	156040895	1349657	78169839	50.0957	1.23175	30.7	55.4
chrY	1	57227415	41073	621894	1.08671	0.0768526	30.7	18.1

Genome-wide mean depth: 1.224x

=================================================
FILE: LB20231211_3_EKDL240006164-1A_227NJFLT4_L7_dD-RG-BQSR_FINAL.bam
=================================================
#rname	startpos	endpos	numreads	covbases	coverage	meandepth	meanbaseq	meanmapq
chr1	1	248956422	2406563	131109186	52.6635	1.38102	30.7	53.8
chr2	1	242193529	2384997	134010005	55.3318	1.39682	30.6	55.8
chr3	1	198295559	1891172	109449485	55.1951	1.36261	30.8	58.2
chr4	1	190214555	1797791	101697207	53.4645	1.34279	30.8	55.9
chr5	1	181538259	1727156	98775863	54.4105	1.35563	30.8	56.9
chr6	1	170805979	1613017	93572204	54.7827	1.34959	30.8	57.5
chr7	1	159345973	1538310	88649472	55.6333	1.37891	30.7	55.9
chr8	1	145138636	1408946	81175195	55.9294	1.3881	30.8	56.8
chr9	1	138394717	1189202	68198581	49.2783	1.2275	30.7	54.9
chr10	1	133797422	1361224	75592689	56.4979	1.44728	30.7	56.1
chr11	1	135086622	1337088	76514616	56.6411	1.4152	30.7	57.1
chr12	1	133275309	1286932	74452192	55.8635	1.37997	30.7	57.7
chr13	1	114364328	977854	53226342	46.541	1.22225	30.8	53.7
chr14	1	107043718	871694	50080804	46.7854	1.16299	30.7	57.9
chr15	1	101991189	869436	48919713	47.9646	1.21731	30.7	54.3
chr16	1	90338345	957100	48224298	53.3819	1.5096	30.6	51.8
chr17	1	83257441	869015	47869888	57.4962	1.48337	30.6	55.4
chr18	1	80373285	793389	44834474	55.7828	1.41133	30.8	53.6
chr19	1	58617616	587135	33220222	56.6728	1.42524	30.4	57.9
chr20	1	64444167	727500	38245268	59.3464	1.60655	30.7	53
chr21	1	46709983	456380	21446063	45.9132	1.38518	30.5	45.4
chr22	1	50818468	423170	22758244	44.7834	1.18582	30.5	53.9
chrX	1	156040895	1460229	85328597	54.6835	1.33829	30.8	55.4
chrY	1	57227415	44390	658636	1.15091	0.0849828	30.6	18.2

Genome-wide mean depth: 1.338x

=================================================
FILE: LB20231211_4_EKDL240006165-1A_227NJFLT4_L7_dD-RG-BQSR_FINAL.bam
=================================================
#rname	startpos	endpos	numreads	covbases	coverage	meandepth	meanbaseq	meanmapq
chr1	1	248956422	2206559	115310956	46.3177	1.23921	30.8	52.6
chr2	1	242193529	2108068	116566681	48.1296	1.20784	30.8	55.8
chr3	1	198295559	1677221	95708041	48.2653	1.18242	30.9	58.1
chr4	1	190214555	1554640	87729267	46.1212	1.13687	30.9	56.6
chr5	1	181538259	1503820	85160543	46.9105	1.15547	30.9	57.1
chr6	1	170805979	1430808	81435808	47.6774	1.17184	30.9	57.2
chr7	1	159345973	1338268	76544471	48.0367	1.17425	30.8	56.2
chr8	1	145138636	1214706	69494615	47.8815	1.17122	30.9	57
chr9	1	138394717	1066604	59786647	43.2001	1.07802	30.8	53.3
chr10	1	133797422	1182158	65467935	48.9306	1.23029	30.8	56.5
chr11	1	135086622	1166646	66191489	48.9993	1.20833	30.8	57.4
chr12	1	133275309	1137445	64845334	48.6552	1.19348	30.8	57.8
chr13	1	114364328	837456	45995406	40.2183	1.02466	30.9	54.7
chr14	1	107043718	756808	43228129	40.3836	0.988233	30.8	58.1
chr15	1	101991189	765739	42700099	41.8665	1.0499	30.8	53.8
chr16	1	90338345	794591	41919681	46.403	1.22783	30.7	53
chr17	1	83257441	783805	42128971	50.6008	1.30891	30.7	54.9
chr18	1	80373285	667446	38001606	47.2814	1.16272	30.9	54.6
chr19	1	58617616	516590	28739484	49.0287	1.22709	30.6	57.9
chr20	1	64444167	623265	33090187	51.3471	1.34665	30.8	54.3
chr21	1	46709983	373892	18445492	39.4894	1.11118	30.7	47.9
chr22	1	50818468	364684	19593422	38.5557	1.00004	30.7	54.1
chrX	1	156040895	1236294	72117113	46.2168	1.10935	30.9	55.6
chrY	1	57227415	35442	562528	0.982969	0.0663008	30.9	19.3

Genome-wide mean depth: 1.145x

=================================================
FILE: LB20231211_6_EKDL240006167-1A_227NJFLT4_L7_dD-RG-BQSR_FINAL.bam
=================================================
#rname	startpos	endpos	numreads	covbases	coverage	meandepth	meanbaseq	meanmapq
chr1	1	248956422	2085523	113711626	45.6753	1.17303	30.5	52.5
chr2	1	242193529	2021077	116293126	48.0166	1.16004	30.5	55.9
chr3	1	198295559	1624409	95814757	48.3192	1.1469	30.6	58
chr4	1	190214555	1550038	89002081	46.7904	1.13313	30.6	55.8
chr5	1	181538259	1563417	88963834	49.0056	1.19969	30.6	57
chr6	1	170805979	1364969	81323331	47.6115	1.12004	30.6	57.7
chr7	1	159345973	1304011	76861829	48.2358	1.14596	30.5	56
chr8	1	145138636	1190165	70355447	48.4747	1.14938	30.6	57.3
chr9	1	138394717	1024501	59835618	43.2355	1.03738	30.5	53.9
chr10	1	133797422	1160152	65801992	49.1803	1.20764	30.5	55.7
chr11	1	135086622	1121017	66083236	48.9192	1.1632	30.5	57.1
chr12	1	133275309	1092124	64760305	48.5914	1.14752	30.5	57.7
chr13	1	114364328	831195	46325744	40.5072	1.01847	30.6	54
chr14	1	107043718	730463	43237481	40.3924	0.955183	30.5	58
chr15	1	101991189	709349	41691625	40.8777	0.973874	30.5	55.1
chr16	1	90338345	769719	41424585	45.8549	1.19119	30.5	52.6
chr17	1	83257441	713684	40761479	48.9584	1.19359	30.4	55.5
chr18	1	80373285	670569	38928273	48.4343	1.17008	30.6	53.7
chr19	1	58617616	475123	27814089	47.4501	1.12979	30.3	57.9
chr20	1	64444167	589190	32725115	50.7806	1.27381	30.5	54.1
chr21	1	46709983	373275	18532257	39.6752	1.10874	30.4	46.6
chr22	1	50818468	367862	20011757	39.3789	1.00732	30.4	53.5
chrX	1	156040895	635203	44149957	28.2938	0.570062	30.6	55
chrY	1	57227415	214991	7302463	12.7604	0.501461	30.6	22

Genome-wide mean depth: 1.094x

=================================================
FILE: LB_20251209_PRE_1_EKDL250035517-1A_23_merge_dD_SI.bam
=================================================
#rname	startpos	endpos	numreads	covbases	coverage	meandepth	meanbaseq	meanmapq
chr1	1	248956422	1695575	95251482	38.2603	0.960804	39.5	53.1
chr2	1	242193529	1649792	97710271	40.3439	0.957501	39.5	56.5
chr3	1	198295559	1317071	79195763	39.9382	0.936307	39.6	58.2
chr4	1	190214555	1363049	78337626	41.1838	1.00265	39.6	56.5
chr5	1	181538259	1203729	71405483	39.3336	0.932229	39.6	57.1
chr6	1	170805979	1138634	68151167	39.8998	0.940713	39.6	57.1
chr7	1	159345973	1050204	63405565	39.7911	0.929986	39.5	56.3
chr8	1	145138636	1050675	61719243	42.5243	1.01999	39.6	57.3
chr9	1	138394717	942321	54168504	39.1406	0.958448	39.5	53.9
chr10	1	133797422	969090	55820781	41.7204	1.01609	39.5	56.2
chr11	1	135086622	979474	57823615	42.8048	1.02226	39.6	57.4
chr12	1	133275309	897433	54104148	40.5958	0.949915	39.5	57.7
chr13	1	114364328	672583	38645989	33.792	0.830022	39.6	54.4
chr14	1	107043718	593783	35962802	33.5964	0.782515	39.5	58.3
chr15	1	101991189	604126	35592612	34.8977	0.835535	39.5	54
chr16	1	90338345	692904	36244189	40.1205	1.07835	39.5	51.9
chr17	1	83257441	613336	35261903	42.3529	1.03349	39.5	55.5
chr18	1	80373285	551299	32531880	40.476	0.967695	39.6	55.2
chr19	1	58617616	393025	23488485	40.0707	0.944124	39.5	58
chr20	1	64444167	484051	27519772	42.7033	1.05484	39.5	54.4
chr21	1	46709983	314508	15494633	33.172	0.943447	39.5	45.2
chr22	1	50818468	284420	16405017	32.2816	0.787915	39.5	54.2
chrX	1	156040895	1004534	61294366	39.281	0.910003	39.6	55.4
chrY	1	57227415	34240	516089	0.901821	0.0651245	39.5	20

Genome-wide mean depth: 0.934x

=================================================
FILE: LB_20251209_PRE_2_EKDL250035518-1A_237N3GLT4_L2_dD_SI.bam
=================================================
#rname	startpos	endpos	numreads	covbases	coverage	meandepth	meanbaseq	meanmapq
chr1	1	248956422	1619212	92401778	37.1156	0.911007	39.6	52.5
chr2	1	242193529	1546744	94790759	39.1384	0.892236	39.5	56.8
chr3	1	198295559	1253996	77488282	39.0772	0.885474	39.6	58
chr4	1	190214555	1183464	71989894	37.8467	0.867428	39.6	56.6
chr5	1	181538259	1209522	72757369	40.0783	0.929977	39.6	57.2
chr6	1	170805979	1062235	66278096	38.8031	0.871827	39.6	58
chr7	1	159345973	1007944	62368194	39.1401	0.886353	39.6	56.1
chr8	1	145138636	919113	56988362	39.2648	0.888057	39.6	57.1
chr9	1	138394717	785816	48404609	34.9758	0.795311	39.6	54.2
chr10	1	133797422	888090	53378403	39.8949	0.926015	39.6	56.3
chr11	1	135086622	860473	53287854	39.4472	0.892998	39.6	57.5
chr12	1	133275309	844875	52399197	39.3165	0.888104	39.6	57.9
chr13	1	114364328	644619	37624551	32.8989	0.790107	39.6	54
chr14	1	107043718	569715	35305020	32.9819	0.745233	39.6	58.1
chr15	1	101991189	550053	34028467	33.3641	0.755361	39.5	55.2
chr16	1	90338345	602304	33838258	37.4572	0.931578	39.5	52.4
chr17	1	83257441	565641	33713735	40.4934	0.946489	39.5	55.2
chr18	1	80373285	513970	31432526	39.1082	0.897387	39.6	54.1
chr19	1	58617616	379676	23183546	39.5505	0.902146	39.5	57.8
chr20	1	64444167	448168	26496819	41.1159	0.969775	39.6	55.3
chr21	1	46709983	299135	15715198	33.6442	0.88877	39.5	47.7
chr22	1	50818468	272461	16002607	31.4897	0.746877	39.5	53.7
chrX	1	156040895	495322	34638964	22.1986	0.444803	39.6	54.9
chrY	1	57227415	166705	6036464	10.5482	0.39233	39.6	21.2

Genome-wide mean depth: 0.846x

=================================================
FILE: LB_20251209_PRE_3_EKDL250035519-1A_237N3GLT4_L2_dD_SI.bam
=================================================
#rname	startpos	endpos	numreads	covbases	coverage	meandepth	meanbaseq	meanmapq
chr1	1	248956422	1520407	87601075	35.1873	0.864544	39.5	52
chr2	1	242193529	1424598	89118748	36.7965	0.830169	39.5	56.9
chr3	1	198295559	1203058	75283011	37.9651	0.858672	39.6	58.3
chr4	1	190214555	1089673	67193919	35.3253	0.805876	39.6	56.4
chr5	1	181538259	1044473	65033197	35.8234	0.811642	39.6	57.2
chr6	1	170805979	955550	61026203	35.7284	0.792042	39.6	57.9
chr7	1	159345973	918238	58229283	36.5427	0.815666	39.5	56.7
chr8	1	145138636	851785	53605862	36.9342	0.831379	39.6	57.1
chr9	1	138394717	720669	45451413	32.8419	0.737181	39.5	54.3
chr10	1	133797422	831311	50728482	37.9144	0.875809	39.5	56.2
chr11	1	135086622	824266	50924547	37.6977	0.864427	39.5	56.2
chr12	1	133275309	783111	49653970	37.2567	0.831937	39.5	57.8
chr13	1	114364328	594349	35650610	31.1728	0.736039	39.6	54.4
chr14	1	107043718	538554	33855048	31.6273	0.712149	39.5	58.4
chr15	1	101991189	515367	32296442	31.6659	0.71536	39.5	54.5
chr16	1	90338345	558911	31598080	34.9775	0.874116	39.5	52.1
chr17	1	83257441	514128	31489924	37.8224	0.870027	39.5	55.2
chr18	1	80373285	465213	29160504	36.2813	0.820167	39.6	53.9
chr19	1	58617616	340717	21454896	36.6014	0.820659	39.4	57.9
chr20	1	64444167	415592	25127502	38.9911	0.908581	39.5	55.1
chr21	1	46709983	256873	14151853	30.2973	0.773874	39.5	48
chr22	1	50818468	239559	14724749	28.9752	0.665465	39.5	54.4
chrX	1	156040895	874114	55923349	35.8389	0.793923	39.6	55.9
chrY	1	57227415	26225	445227	0.777996	0.0502309	39.5	19.9

Genome-wide mean depth: 0.801x

=================================================
FILE: LB_20251209_PRE_4_EKDL250035520-1A_237N3GLT4_L2_dD_SI.bam
=================================================
#rname	startpos	endpos	numreads	covbases	coverage	meandepth	meanbaseq	meanmapq
chr1	1	248956422	1859147	105702811	42.4584	1.04958	39.5	53.3
chr2	1	242193529	1764185	106417039	43.9388	1.02114	39.5	57.3
chr3	1	198295559	990338	66181226	33.375	0.701488	39.6	58
chr4	1	190214555	1198992	73823607	38.8107	0.881722	39.6	56.1
chr5	1	181538259	1311269	79487057	43.7853	1.01316	39.6	57.6
chr6	1	170805979	1199592	74485919	43.6085	0.987076	39.6	58
chr7	1	159345973	889581	58411676	36.6571	0.784866	39.5	56
chr8	1	145138636	1108473	66807427	46.0301	1.07429	39.6	57.2
chr9	1	138394717	831907	51839720	37.4579	0.84511	39.5	54
chr10	1	133797422	753561	48206152	36.0292	0.788859	39.5	56.1
chr11	1	135086622	978182	60455173	44.7529	1.0187	39.5	57.5
chr12	1	133275309	770680	50439803	37.8463	0.812808	39.5	57.9
chr13	1	114364328	487535	30643145	26.7943	0.599503	39.6	52.6
chr14	1	107043718	520686	33904813	31.6738	0.683559	39.5	58.3
chr15	1	101991189	382316	26227974	25.7159	0.527135	39.5	54.7
chr16	1	90338345	477141	28823917	31.9066	0.74129	39.5	51.8
chr17	1	83257441	533468	33014412	39.6534	0.897066	39.5	55.7
chr18	1	80373285	464013	29887535	37.1859	0.812211	39.6	54.1
chr19	1	58617616	335565	21801154	37.1922	0.802666	39.4	57.9
chr20	1	64444167	507286	29699878	46.0862	1.10392	39.5	54.1
chr21	1	46709983	308485	16727814	35.8121	0.922932	39.5	48.1
chr22	1	50818468	250889	15536282	30.5721	0.69194	39.5	53.7
chrX	1	156040895	537595	38402686	24.6107	0.484344	39.6	55
chrY	1	57227415	139085	5451912	9.52675	0.329121	39.6	23.9

Genome-wide mean depth: 0.845x

=================================================
FILE: LB_20251209_PRE_5_EKDL250035521-1A_237N3GLT4_L1_dD_SI.bam
=================================================
#rname	startpos	endpos	numreads	covbases	coverage	meandepth	meanbaseq	meanmapq
chr1	1	248956422	1830441	101358389	40.7133	1.03242	39.5	53.7
chr2	1	242193529	1631913	97655690	40.3213	0.94321	39.5	56.9
chr3	1	198295559	1427668	83455071	42.0862	1.00975	39.6	58
chr4	1	190214555	1223622	73142343	38.4525	0.898284	39.6	56.6
chr5	1	181538259	1185306	70747977	38.9714	0.913675	39.6	57
chr6	1	170805979	1007544	62091482	36.3521	0.82818	39.6	57.1
chr7	1	159345973	1049790	63625300	39.929	0.924556	39.5	56
chr8	1	145138636	1122247	64376764	44.3554	1.08617	39.6	56.3
chr9	1	138394717	825665	49667511	35.8883	0.837403	39.5	54.1
chr10	1	133797422	922341	54285704	40.5731	0.964059	39.5	56.4
chr11	1	135086622	906723	54822795	40.5834	0.942403	39.6	57.5
chr12	1	133275309	890206	53866548	40.4175	0.93756	39.5	57.6
chr13	1	114364328	665866	38228250	33.4267	0.817165	39.6	53.8
chr14	1	107043718	589939	35828961	33.4713	0.773331	39.5	58.3
chr15	1	101991189	577754	34668890	33.992	0.794921	39.5	54
chr16	1	90338345	620288	34788942	38.5096	0.962459	39.5	52.9
chr17	1	83257441	599277	34827114	41.8306	1.00647	39.5	55.2
chr18	1	80373285	538052	32167588	40.0227	0.940121	39.6	53.8
chr19	1	58617616	391081	23402925	39.9247	0.933674	39.4	57.7
chr20	1	64444167	476380	27666896	42.9316	1.03402	39.5	55.1
chr21	1	46709983	297668	15151986	32.4384	0.888811	39.5	46
chr22	1	50818468	285183	16552819	32.5724	0.786426	39.5	54.8
chrX	1	156040895	761152	49259913	31.5686	0.685788	39.6	55.1
chrY	1	57227415	27613	454771	0.794673	0.0519376	39.5	20.1

Genome-wide mean depth: 0.901x

=================================================
FILE: LB_20251209_PRE_6_EKDL250035522-1A_23_merge_dD_SI.bam
=================================================
#rname	startpos	endpos	numreads	covbases	coverage	meandepth	meanbaseq	meanmapq
chr1	1	248956422	1669845	89879213	36.1024	0.916525	39.5	52.4
chr2	1	242193529	1582458	91528881	37.7916	0.889715	39.5	56.9
chr3	1	198295559	1281216	74781047	37.7119	0.881854	39.6	58
chr4	1	190214555	1204454	68719334	36.1273	0.858935	39.6	56.1
chr5	1	181538259	1445043	78951234	43.4901	1.08309	39.5	57.5
chr6	1	170805979	1095780	64294965	37.6421	0.876066	39.5	57.7
chr7	1	159345973	1025265	60015796	37.6638	0.878816	39.5	56.3
chr8	1	145138636	933457	54814879	37.7673	0.879208	39.5	57.2
chr9	1	138394717	825265	47745157	34.4993	0.815547	39.5	54.2
chr10	1	133797422	932029	52754594	39.4287	0.947816	39.5	56.4
chr11	1	135086622	887292	51844554	38.3787	0.898344	39.5	57.4
chr12	1	133275309	871396	50950033	38.2292	0.89289	39.5	57.8
chr13	1	114364328	652119	36131193	31.5931	0.778119	39.6	53.9
chr14	1	107043718	583411	34202618	31.952	0.744553	39.5	58.2
chr15	1	101991189	582191	33624361	32.9679	0.780129	39.5	54
chr16	1	90338345	623953	33005731	36.5357	0.942884	39.5	52.3
chr17	1	83257441	587248	33066448	39.7159	0.960768	39.5	55.4
chr18	1	80373285	520217	30127527	37.4845	0.884507	39.6	54.2
chr19	1	58617616	400284	22989839	39.22	0.931439	39.4	57.8
chr20	1	64444167	473130	26367950	40.916	1.00041	39.5	55.9
chr21	1	46709983	301728	15252698	32.654	0.877367	39.5	48.2
chr22	1	50818468	300850	16568197	32.6027	0.808313	39.5	54.6
chrX	1	156040895	998000	58669438	37.5988	0.874633	39.5	55.5
chrY	1	57227415	30114	493461	0.862281	0.0551916	39.5	20

Genome-wide mean depth: 0.875x

=================================================
FILE: LB_20251209_PRE_7_EKDL250035523-1A_23_merge_dD_SI.bam
=================================================
#rname	startpos	endpos	numreads	covbases	coverage	meandepth	meanbaseq	meanmapq
chr1	1	248956422	1886460	106533088	42.7919	1.07735	39.5	52.8
chr2	1	242193529	1685158	103632637	42.7892	0.98663	39.5	56.8
chr3	1	198295559	1390682	85673445	43.2049	0.996812	39.6	58.2
chr4	1	190214555	1321320	79956070	42.0347	0.982472	39.6	56.3
chr5	1	181538259	1263523	77109178	42.4754	0.986626	39.6	57.1
chr6	1	170805979	1221547	75024848	43.924	1.01707	39.6	57.9
chr7	1	159345973	1085145	67500763	42.3611	0.968193	39.5	56.1
chr8	1	145138636	1003309	62293707	42.9201	0.98349	39.6	56.9
chr9	1	138394717	812199	50663131	36.6077	0.834428	39.5	53.8
chr10	1	133797422	944330	57312782	42.8355	0.999306	39.5	56.1
chr11	1	135086622	1039407	62652935	46.3798	1.0947	39.5	57.6
chr12	1	133275309	1005753	61022958	45.7871	1.0731	39.5	57.8
chr13	1	114364328	696826	41247566	36.0668	0.866673	39.6	54.6
chr14	1	107043718	608063	38081943	35.5761	0.807402	39.5	58.3
chr15	1	101991189	630004	38338116	37.5896	0.878306	39.5	54.5
chr16	1	90338345	580062	34262436	37.9268	0.911425	39.5	52.2
chr17	1	83257441	566457	34762664	41.7532	0.962626	39.5	55.5
chr18	1	80373285	586102	35515561	44.1883	1.0373	39.6	56
chr19	1	58617616	402759	24892518	42.4659	0.974235	39.4	57.7
chr20	1	64444167	512324	29516973	45.8024	1.12604	39.5	52.7
chr21	1	46709983	289327	16256883	34.8039	0.875193	39.5	50.1
chr22	1	50818468	273478	16497810	32.4642	0.762249	39.5	53.8
chrX	1	156040895	533678	38152576	24.4504	0.486227	39.6	55.2
chrY	1	57227415	174826	6447792	11.267	0.418042	39.6	22.2

Genome-wide mean depth: 0.943x

=================================================
FILE: LB_20251209_PRE_8_EKDL250035524-1A_23_merge_dD_SI.bam
=================================================
#rname	startpos	endpos	numreads	covbases	coverage	meandepth	meanbaseq	meanmapq
chr1	1	248956422	1760605	94081620	37.7904	0.971782	39.6	52.4
chr2	1	242193529	1493187	88271519	36.4467	0.844633	39.5	56.7
chr3	1	198295559	1432363	81753474	41.2281	0.990638	39.6	58.2
chr4	1	190214555	1290864	72871188	38.31	0.925333	39.6	56
chr5	1	181538259	1254802	71521434	39.3974	0.946196	39.6	57.2
chr6	1	170805979	1118489	65202737	38.1736	0.899979	39.6	57.5
chr7	1	159345973	1273118	70258538	44.0918	1.09581	39.5	56.3
chr8	1	145138636	1025808	59057482	40.6904	0.970694	39.6	57.5
chr9	1	138394717	1017966	55563049	40.1482	1.00989	39.5	53.9
chr10	1	133797422	871450	50121725	37.4609	0.891205	39.5	55.9
chr11	1	135086622	1013047	57488377	42.5567	1.0304	39.6	57.8
chr12	1	133275309	825515	49382620	37.0531	0.851261	39.5	57.7
chr13	1	114364328	718037	39368304	34.4236	0.860766	39.6	54.4
chr14	1	107043718	653177	37327299	34.8711	0.837819	39.6	58.1
chr15	1	101991189	561379	32943847	32.3007	0.757167	39.5	54.1
chr16	1	90338345	728623	36682447	40.6056	1.10588	39.5	52.1
chr17	1	83257441	676751	36509810	43.8517	1.11194	39.5	55.4
chr18	1	80373285	584215	32880104	40.9092	0.999004	39.6	53.8
chr19	1	58617616	461930	25534700	43.5615	1.07983	39.5	57.9
chr20	1	64444167	542448	29301754	45.4684	1.15231	39.5	55.1
chr21	1	46709983	339903	15833863	33.8982	0.990534	39.5	44.9
chr22	1	50818468	274769	15471550	30.4447	0.742093	39.5	53.8
chrX	1	156040895	939730	56490548	36.2024	0.828015	39.6	55.5
chrY	1	57227415	31301	505374	0.883098	0.0581473	39.5	20.5

Genome-wide mean depth: 0.927x

=================================================
FILE: LB_20251210_PRE_1_EKDL250035525-1A_23_merge_dD_SI.bam
=================================================
#rname	startpos	endpos	numreads	covbases	coverage	meandepth	meanbaseq	meanmapq
chr1	1	248956422	1599217	93420835	37.525	0.904883	39.5	52.4
chr2	1	242193529	1494595	93884139	38.7641	0.865983	39.4	56.7
chr3	1	198295559	1200726	76534080	38.596	0.853101	39.5	57.8
chr4	1	190214555	1121457	69818483	36.7051	0.826024	39.5	56.2
chr5	1	181538259	1083820	68359279	37.6556	0.83895	39.5	57.1
chr6	1	170805979	1022040	65270694	38.2134	0.843081	39.5	57.6
chr7	1	159345973	970792	61876809	38.8317	0.858122	39.5	56.2
chr8	1	145138636	885605	56243276	38.7514	0.860181	39.5	57.2
chr9	1	138394717	769985	48603820	35.1197	0.784077	39.5	54.3
chr10	1	133797422	879727	53964696	40.3331	0.923046	39.5	55.9
chr11	1	135086622	866188	54058682	40.0178	0.903972	39.5	56.2
chr12	1	133275309	817843	52255755	39.2089	0.864582	39.5	57.7
chr13	1	114364328	608902	36775717	32.1566	0.750198	39.5	54
chr14	1	107043718	547069	34865759	32.5715	0.719629	39.5	58.2
chr15	1	101991189	554192	34876352	34.1955	0.765489	39.5	54.3
chr16	1	90338345	594939	34788100	38.5087	0.926322	39.5	53.1
chr17	1	83257441	574121	34826981	41.8305	0.96663	39.5	55.1
chr18	1	80373285	503312	31428931	39.1037	0.883393	39.5	53
chr19	1	58617616	387642	24059890	41.0455	0.927828	39.4	57.7
chr20	1	64444167	458208	27536059	42.7286	0.998443	39.5	54.6
chr21	1	46709983	296637	15086711	32.2987	0.888182	39.4	44
chr22	1	50818468	278645	16802145	33.0631	0.769994	39.5	54.5
chrX	1	156040895	929698	59772661	38.3058	0.840775	39.5	55.6
chrY	1	57227415	26798	487529	0.851915	0.0509515	39.4	19

Genome-wide mean depth: 0.841x

=================================================
FILE: LB_20251210_PRE_2_EKDL250035526-1A_237N3GLT4_L8_dD_SI.bam
=================================================
#rname	startpos	endpos	numreads	covbases	coverage	meandepth	meanbaseq	meanmapq
chr1	1	248956422	1575735	94116455	37.8044	0.896475	39.6	52.8
chr2	1	242193529	1488631	95060398	39.2498	0.867904	39.5	56.9
chr3	1	198295559	1198176	77350600	39.0077	0.855616	39.6	58.2
chr4	1	190214555	1130434	71319188	37.4941	0.836202	39.6	56.4
chr5	1	181538259	1098526	69645186	38.3639	0.854132	39.6	56.9
chr6	1	170805979	1013102	66018457	38.6511	0.84028	39.6	58.2
chr7	1	159345973	970950	62469150	39.2035	0.862662	39.6	56.1
chr8	1	145138636	886837	57078218	39.3267	0.865903	39.6	57
chr9	1	138394717	767814	49035678	35.4318	0.786057	39.6	54.1
chr10	1	133797422	870434	54019053	40.3738	0.917465	39.6	56.1
chr11	1	135086622	840030	54140361	40.0783	0.881021	39.6	57.3
chr12	1	133275309	817532	52838990	39.6465	0.868713	39.6	57.9
chr13	1	114364328	619839	37375516	32.6811	0.767731	39.6	53.5
chr14	1	107043718	543906	35268995	32.9482	0.719588	39.6	58.3
chr15	1	101991189	552643	35020776	34.3371	0.767304	39.6	54.5
chr16	1	90338345	596006	34485059	38.1732	0.932439	39.6	52.5
chr17	1	83257441	561167	34534485	41.4792	0.949739	39.5	54.9
chr18	1	80373285	481309	30840999	38.3722	0.848729	39.6	55.3
chr19	1	58617616	375585	23726598	40.4769	0.90429	39.5	57.8
chr20	1	64444167	451389	27609843	42.843	0.987724	39.6	54.6
chr21	1	46709983	286274	15143912	32.4211	0.860987	39.5	45.6
chr22	1	50818468	269906	16464180	32.398	0.749446	39.5	54.2
chrX	1	156040895	474687	34721883	22.2518	0.430761	39.6	55
chrY	1	57227415	145237	5441729	9.50895	0.342558	39.6	22

Genome-wide mean depth: 0.825x

=================================================
FILE: LB_20251210_PRE_3_EKDL250035527-1A_237N3GLT4_L8_dD_SI.bam
=================================================
#rname	startpos	endpos	numreads	covbases	coverage	meandepth	meanbaseq	meanmapq
chr1	1	248956422	1446223	106735579	42.8732	0.828377	39.6	53.3
chr2	1	242193529	1419512	110545209	45.6433	0.833523	39.5	56.9
chr3	1	198295559	1160840	91051334	45.917	0.835029	39.6	58.1
chr4	1	190214555	1111023	85472113	44.9346	0.829727	39.6	56.4
chr5	1	181538259	1050152	82042079	45.1927	0.823668	39.6	57.2
chr6	1	170805979	983381	77672212	45.4739	0.821761	39.6	57.8
chr7	1	159345973	918034	72570114	45.5425	0.821777	39.6	56.7
chr8	1	145138636	849367	66935387	46.1182	0.835793	39.6	57.2
chr9	1	138394717	714053	56214032	40.6186	0.735974	39.6	54.5
chr10	1	133797422	806539	61642711	46.0717	0.857059	39.6	56.2
chr11	1	135086622	789016	62472441	46.2462	0.833747	39.6	57.4
chr12	1	133275309	760825	60659019	45.5141	0.814579	39.6	58.4
chr13	1	114364328	591541	44073084	38.5374	0.738354	39.6	54.3
chr14	1	107043718	516974	40904737	38.2131	0.688932	39.6	58.1
chr15	1	101991189	505317	39724367	38.9488	0.706469	39.5	54.6
chr16	1	90338345	546574	38750713	42.8951	0.860442	39.5	51.5
chr17	1	83257441	487057	37747256	45.338	0.829978	39.5	55.3
chr18	1	80373285	481139	37123677	46.1891	0.854885	39.6	53.5
chr19	1	58617616	317119	25297872	43.1575	0.767629	39.5	57.9
chr20	1	64444167	407899	30767769	47.7433	0.899261	39.5	54.3
chr21	1	46709983	254294	17435214	37.3265	0.772056	39.5	48.6
chr22	1	50818468	232491	17764938	34.9576	0.649503	39.5	54.1
chrX	1	156040895	460255	41973978	26.8993	0.420961	39.6	54.5
chrY	1	57227415	69684	3518056	6.1475	0.160308	39.5	22.4

Genome-wide mean depth: 0.778x

=================================================
FILE: LB_20251210_PRE_4_EKDL250035528-1A_237N3GLT4_L8_dD_SI.bam
=================================================
#rname	startpos	endpos	numreads	covbases	coverage	meandepth	meanbaseq	meanmapq
chr1	1	248956422	1652007	98778934	39.6772	0.930518	39.6	52.3
chr2	1	242193529	1555986	100513187	41.5012	0.898678	39.5	56.8
chr3	1	198295559	1297933	83560861	42.1396	0.917611	39.6	58.2
chr4	1	190214555	1205162	76979913	40.47	0.884336	39.6	56.5
chr5	1	181538259	1157802	74340425	40.9503	0.892107	39.6	57.1
chr6	1	170805979	1050830	69123612	40.4691	0.864355	39.6	57.4
chr7	1	159345973	1018311	66345713	41.6363	0.896381	39.6	56.2
chr8	1	145138636	952688	61512617	42.382	0.921499	39.6	57
chr9	1	138394717	809770	52119788	37.6602	0.820403	39.6	54
chr10	1	133797422	904937	57000137	42.6018	0.944259	39.6	56.2
chr11	1	135086622	875806	56978077	42.1789	0.909714	39.6	57.3
chr12	1	133275309	848810	55553554	41.6833	0.893417	39.6	57.5
chr13	1	114364328	636700	39263864	34.3323	0.782375	39.6	53.6
chr14	1	107043718	562760	37006101	34.571	0.737431	39.6	58.2
chr15	1	101991189	533396	35064925	34.3803	0.733991	39.6	54.8
chr16	1	90338345	580464	34327586	37.9989	0.899387	39.6	51.8
chr17	1	83257441	548027	34579954	41.5338	0.917366	39.5	54.9
chr18	1	80373285	504825	32807506	40.8189	0.882965	39.6	54.3
chr19	1	58617616	349870	23013209	39.2599	0.831786	39.5	57.8
chr20	1	64444167	442473	27593306	42.8174	0.959573	39.6	53.8
chr21	1	46709983	295299	16349196	35.0015	0.879694	39.5	47.2
chr22	1	50818468	267711	16691925	32.8462	0.734751	39.5	53.5
chrX	1	156040895	524453	38804976	24.8685	0.471256	39.6	54.9
chrY	1	57227415	119867	5004752	8.74537	0.278702	39.6	23.4

Genome-wide mean depth: 0.848x

=================================================
FILE: LB_20251210_PRE_5_EKDL250035529-1A_23_merge_dD_SI.bam
=================================================
#rname	startpos	endpos	numreads	covbases	coverage	meandepth	meanbaseq	meanmapq
chr1	1	248956422	1877539	104972020	42.1648	1.05144	39.5	52.3
chr2	1	242193529	1735514	105046609	43.373	0.996308	39.5	56.7
chr3	1	198295559	1397180	85539033	43.1371	0.982253	39.6	58
chr4	1	190214555	1282673	77685622	40.8411	0.935442	39.6	56.4
chr5	1	181538259	1259380	76332422	42.0476	0.96491	39.6	57
chr6	1	170805979	1190091	73224205	42.8698	0.971705	39.6	57.7
chr7	1	159345973	1121673	68672390	43.0964	0.981186	39.5	56.2
chr8	1	145138636	1019596	62567531	43.1088	0.980457	39.6	57
chr9	1	138394717	892470	54160478	39.1348	0.899346	39.5	54.4
chr10	1	133797422	1013858	59878603	44.7532	1.05232	39.5	56.1
chr11	1	135086622	994475	60104278	44.4931	1.02718	39.6	56.7
chr12	1	133275309	955108	58511544	43.9028	0.998824	39.5	57.8
chr13	1	114364328	706793	40921092	35.7813	0.86209	39.6	53.8
chr14	1	107043718	639412	39193116	36.6141	0.83264	39.5	58.2
chr15	1	101991189	648501	38833975	38.0758	0.886374	39.5	54.2
chr16	1	90338345	685022	38375987	42.4803	1.05492	39.5	52.7
chr17	1	83257441	676746	39272176	47.1696	1.12721	39.5	55.2
chr18	1	80373285	566608	34332423	42.7162	0.983946	39.6	54.3
chr19	1	58617616	449366	26887214	45.8688	1.06345	39.4	57.9
chr20	1	64444167	522500	30218851	46.8915	1.1257	39.5	55.3
chr21	1	46709983	342209	16826940	36.0243	1.01183	39.5	44.7
chr22	1	50818468	325792	18672262	36.7431	0.890473	39.5	54.2
chrX	1	156040895	541491	38286322	24.5361	0.483672	39.6	54.8
chrY	1	57227415	158137	5510155	9.62852	0.36654	39.6	21

Genome-wide mean depth: 0.946x

=================================================
FILE: LB_20251210_PRE_6_EKDL250035530-1A_237N3GLT4_L5_dD_SI.bam
=================================================
#rname	startpos	endpos	numreads	covbases	coverage	meandepth	meanbaseq	meanmapq
chr1	1	248956422	1511475	88317964	35.4753	0.845112	39.6	52.1
chr2	1	242193529	1412326	89273240	36.8603	0.809835	39.5	56.8
chr3	1	198295559	1141967	72891737	36.7591	0.802069	39.6	57.7
chr4	1	190214555	1064524	66575509	35.0002	0.77523	39.6	56.1
chr5	1	181538259	1031927	65206138	35.9187	0.789378	39.6	57.1
chr6	1	170805979	959051	61781338	36.1705	0.782279	39.6	57.8
chr7	1	159345973	937385	59415606	37.2872	0.819076	39.6	55.6
chr8	1	145138636	842898	53771608	37.0484	0.809508	39.6	56.8
chr9	1	138394717	736968	46456794	33.5683	0.741591	39.6	53.6
chr10	1	133797422	822584	50793028	37.9626	0.852477	39.6	56.2
chr11	1	135086622	817541	51701664	38.273	0.843004	39.6	56.9
chr12	1	133275309	784520	50031929	37.5403	0.819423	39.6	57.6
chr13	1	114364328	575329	34783572	30.4147	0.700864	39.6	53.7
chr14	1	107043718	519246	33219549	31.0336	0.675648	39.6	58
chr15	1	101991189	513751	32597101	31.9607	0.701446	39.6	55.2
chr16	1	90338345	565442	32742084	36.2438	0.869796	39.5	52.5
chr17	1	83257441	530095	32483693	39.016	0.882381	39.5	55.3
chr18	1	80373285	469757	29628184	36.8632	0.814742	39.6	54.1
chr19	1	58617616	358327	22374679	38.1706	0.847057	39.5	57.8
chr20	1	64444167	423935	25771218	39.99	0.912369	39.6	55.5
chr21	1	46709983	267421	14313779	30.6439	0.79142	39.5	46.2
chr22	1	50818468	259134	15769481	31.031	0.707781	39.5	54.3
chrX	1	156040895	886350	57014673	36.5383	0.792163	39.6	55.6
chrY	1	57227415	26486	456666	0.797985	0.0493343	39.5	19.8

Genome-wide mean depth: 0.786x

=================================================
FILE: LB_20251210_PRE_7_EKDL250035531-1A_237N3GLT4_L5_dD_SI.bam
=================================================
#rname	startpos	endpos	numreads	covbases	coverage	meandepth	meanbaseq	meanmapq
chr1	1	248956422	1759737	97140787	39.0192	0.994032	39.6	51.8
chr2	1	242193529	1729358	102427022	42.2914	1.00027	39.5	56.9
chr3	1	198295559	1307850	79801103	40.2435	0.927237	39.6	58.2
chr4	1	190214555	1503340	84640900	44.4976	1.10174	39.6	56.5
chr5	1	181538259	1340162	77799348	42.8556	1.03321	39.6	57
chr6	1	170805979	1102387	67632439	39.5961	0.907515	39.6	57.9
chr7	1	159345973	1145323	68202040	42.8012	1.00922	39.6	56.9
chr8	1	145138636	990585	59646515	41.0962	0.959955	39.6	56.7
chr9	1	138394717	887958	52592098	38.0015	0.901612	39.6	54.7
chr10	1	133797422	947779	55619294	41.5698	0.991703	39.6	56
chr11	1	135086622	1054804	61179777	45.2893	1.09703	39.6	57
chr12	1	133275309	907194	54786072	41.1074	0.957217	39.6	57
chr13	1	114364328	664666	38511063	33.674	0.817106	39.6	54.1
chr14	1	107043718	652571	38817366	36.2631	0.856071	39.6	58.4
chr15	1	101991189	655670	38079694	37.3363	0.903539	39.6	53.6
chr16	1	90338345	704610	37685224	41.7156	1.09386	39.6	53
chr17	1	83257441	703343	39096458	46.9585	1.18178	39.5	54.9
chr18	1	80373285	599558	34785876	43.2804	1.04787	39.6	54.2
chr19	1	58617616	399163	24065355	41.0548	0.955321	39.5	57.9
chr20	1	64444167	637443	33137648	51.4207	1.38302	39.6	53.3
chr21	1	46709983	408762	19086130	40.8609	1.21943	39.5	46.9
chr22	1	50818468	315684	17805303	35.0371	0.871117	39.5	54.2
chrX	1	156040895	1201983	70043473	44.8879	1.08074	39.6	56.3
chrY	1	57227415	35203	572194	0.99986	0.067075	39.5	20.2

Genome-wide mean depth: 0.983x

=================================================
FILE: LB_20251210_PRE_8_EKDL250035532-1A_237N3GLT4_L5_dD_SI.bam
=================================================
#rname	startpos	endpos	numreads	covbases	coverage	meandepth	meanbaseq	meanmapq
chr1	1	248956422	1642997	91980212	36.9463	0.916465	39.6	51.7
chr2	1	242193529	1530467	93688140	38.6832	0.874774	39.5	56.9
chr3	1	198295559	1245322	76635460	38.6471	0.871414	39.6	58.3
chr4	1	190214555	1183302	71270307	37.4684	0.859204	39.6	56.1
chr5	1	181538259	1139239	69543851	38.3081	0.869486	39.6	57.3
chr6	1	170805979	1024015	63874051	37.3957	0.832982	39.6	57.8
chr7	1	159345973	1063823	64448391	40.4456	0.926051	39.6	56.1
chr8	1	145138636	963476	58659214	40.416	0.922005	39.6	57
chr9	1	138394717	773330	47546578	34.3558	0.776225	39.6	54.1
chr10	1	133797422	817392	50029359	37.3919	0.846578	39.6	56.5
chr11	1	135086622	912546	55024023	40.7324	0.937802	39.6	56.5
chr12	1	133275309	845502	52245529	39.2012	0.880413	39.6	57.9
chr13	1	114364328	636007	37283676	32.6008	0.771793	39.6	54.6
chr14	1	107043718	537518	33649348	31.4351	0.697594	39.6	58.2
chr15	1	101991189	562397	34241326	33.5728	0.765664	39.6	53.8
chr16	1	90338345	603971	33459885	37.0384	0.927158	39.5	51.6
chr17	1	83257441	589624	34718726	41.7004	0.978748	39.5	55.6
chr18	1	80373285	550615	32864653	40.89	0.951888	39.6	53.8
chr19	1	58617616	378510	23108156	39.4219	0.894335	39.5	58
chr20	1	64444167	455920	26733812	41.4837	0.979069	39.6	54.9
chr21	1	46709983	304579	15984256	34.2202	0.899129	39.5	48.4
chr22	1	50818468	274931	16024351	31.5325	0.74871	39.5	53.8
chrX	1	156040895	505361	35094384	22.4905	0.449525	39.6	54.7
chrY	1	57227415	189146	6600641	11.5341	0.443135	39.6	21.7

Genome-wide mean depth: 0.841x

